M31-B01-EAST 10.879527071268 41.2658122441681 10.8190386933978 41.1628945150289 10.6963788291042 41.2029728149842 10.7573319102517 41.3067675354413
M31-B01-WEST 10.7593122954457 41.3061832234543 10.6983103055935 41.2023960841053 10.5761254281648 41.243344306137 10.6365914423341 41.3462691869079
M31-B02-EAST 11.1202448756983 41.1861066999082 11.0598299649713 41.0831889607452 10.9373196345792 41.1232672714366 10.9981987823397 41.2270619812847
M31-B02-WEST 11.000199759524 41.2264936150107 10.9392722919442 41.1227064692316 10.8172360352682 41.1636547095073 10.8776286964143 41.2665795761734
M31-B03-EAST 10.9519187986396 41.3635122302847 10.8913395711171 41.2605972912435 10.7684961505159 41.3006755780027 10.8295406570815 41.4044675337217
M31-B03-WEST 10.8315473468803 41.4038991437152 10.7704536669033 41.3001147994563 10.648085865457 41.341063017678 10.7086422281987 41.443985128878
M31-B04-EAST 11.1930430021264 41.2836344638608 11.1325382509727 41.1807195147441 11.0098451481114 41.2207978122948 11.0708151255111 41.3245897573502
M31-B04-WEST 11.0728194391547 41.3240213780453 11.0118004864482 41.2202370230803 10.8895824932996 41.2611852512466 10.9500648867758 41.3641073523858
M31-B05-EAST 11.0442555791208 41.4547344395063 10.9835911328133 41.3518167342242 10.8605755894325 41.3918950086274 10.9217054346518 41.4956897543338
M31-B05-WEST 10.9237151764462 41.4951213520734 10.8625355119396 41.3913342422957 10.7399957539425 41.4322852269084 10.8006372312188 41.5352073496282
M31-B06-EAST 11.2856445243074 41.3746816731393 11.2250551412647 41.2717667355089 11.102190684862 41.3118450207571 11.1632454127379 41.4156369779693
M31-B06-WEST 11.1652528349847 41.4150685864642 11.1041484892561 41.3112842437044 10.9817597234036 41.3522324605337 11.0423266456526 41.4551545731425
M31-B07-EAST 11.1368624579865 41.545742759833 11.0761131457801 41.4428278438709 10.9529245077297 41.4829061059115 11.0141405934595 41.5866980860562
M31-B07-WEST 11.0161531077799 41.5861296715363 10.9548873932279 41.482345351801 10.8321751273836 41.5232935472439 10.8929022002431 41.6262156814889
M31-B08-EAST 11.3781765841361 41.4655649935159 11.317502489666 41.3626500673834 11.1944660971255 41.4027283403168 11.2556064897353 41.5065203096978
M31-B08-WEST 11.2576163559398 41.5059519059803 11.1964265354754 41.4021675754381 11.0738664158678 41.4431157809191 11.13451794561 41.5460406827865
M31-B09-EAST 11.2307323622609 41.6365594134839 11.1698972788707 41.5336445090721 11.0465353988409 41.573722758742 11.1078373797761 41.6775147511107
M31-B09-WEST 11.1098292553953 41.6769303893403 11.048477441674 41.5731460776018 10.9255925110918 41.6140942531847 10.9864048091896 41.7170164031123
M31-B10-EAST 11.4725370062872 41.5560927583515 11.4117777646372 41.4531778437041 11.2885693962757 41.4932561043366 11.349795056283 41.5970480858727
M31-B10-WEST 11.3518078235922 41.5964796699564 11.2905325087517 41.4926953516181 11.1678009960127 41.5336435457634 11.2285375697749 41.6365656813211
M31-B11-EAST 11.2875731191582 41.7105917525881 11.2642244709943 41.5993954012683 11.1310702522759 41.6143789135792 11.1545529434197 41.7265184553924
M31-B11-WEST 11.156694542573 41.7263842495112 11.1331580211157 41.6142506452217 11.0001778279054 41.6301746050775 11.0234782551542 41.7413739327925
M31-B12-EAST 11.5428039738935 41.6545982997831 11.4819519260544 41.5516806198917 11.3585556153979 41.5917588671006 11.4198746666228 41.6955536396789
M31-B12-WEST 11.4218905565925 41.6949852104499 11.3605216003252 41.5911981276522 11.237602364252 41.6321490872046 11.2984316303702 41.7350712352774
M31-B13-EAST 11.3168217327397 41.8196222968749 11.2934331091685 41.7084259512933 11.160052740963 41.7234122348784 11.1835750235931 41.8355490049468
M31-B13-WEST 11.1857205708584 41.8354175707686 11.1621441595207 41.723281194797 11.0289380735077 41.7392051493923 11.0522782088681 41.8504044827932
M31-B14-EAST 11.5785576112964 41.788402855661 11.5551807227043 41.6772065084343 11.4218651797342 41.6921927938839 11.4453761350195 41.8043295622228
M31-B14-WEST 11.4475205793857 41.8041981297861 11.4239555810279 41.692061752067 11.2908142469495 41.7079857081704 11.3141431399001 41.8191878177189
M31-B15-EAST 11.3762674660868 41.9251278414893 11.3528404762029 41.8139287237016 11.2192398168163 41.8289150009729 11.2428009109055 41.9410545546757
M31-B15-WEST 11.2449326173596 41.9409003868437 11.2213171238748 41.8287667933593 11.0878918251563 41.844687958307 11.1112700446904 41.9558900761621
M31-B16-EAST 11.6386332766939 41.8939111780637 11.6152176253099 41.7827120586255 11.4816823256138 41.7976983377671 11.5052320730402 41.9098351119574
M31-B16-WEST 11.5073798619996 41.9097036736287 11.483775781465 41.7975673018218 11.3504157721628 41.8134912528228 11.3737823336047 41.9246933678863
M31-B17-EAST 11.4884375082497 42.0244167200488 11.4649736863766 41.9132203852987 11.3311655716489 41.9282066566088 11.3547631116732 42.0403434380636
M31-B17-WEST 11.3569155882981 42.0402119924196 11.3332629372269 41.9280756279533 11.1996295883163 41.9439995726193 11.2230444144334 42.0552016945299
M31-B18-EAST 11.751186576367 41.9931750566358 11.7277345313667 41.8819759424512 11.5939919097887 41.8969622156391 11.6175780786052 42.0091017731297
M31-B18-WEST 11.6197291967743 42.0089675514621 11.5960884203188 41.8968339630133 11.4625209051279 41.9127579091982 11.4859240320756 42.0239572516895
M31-B19-EAST 11.6192864172915 42.1214972654734 11.5957868075857 42.0102981581047 11.4617741510652 42.0252844235685 11.4854079214791 42.1374239882239
M31-B19-WEST 11.4875634253788 42.1372897593413 11.463874690039 42.0251561781326 11.3300374449383 42.0410801180693 11.3534878165305 42.1522794673137
M31-B20-EAST 11.8828595865281 42.0902528242928 11.8593713581329 41.9790564930397 11.7254247222299 41.9940399826094 11.7490466865124 42.1061795455177
M31-B20-WEST 11.7512015505226 42.1060453183945 11.7275242918914 41.9939117354202 11.5937529937784 42.0098356768806 11.6171916463643 42.1210350244782
M31-B21-EAST 11.6860708112232 42.22617781007 11.6625323227997 42.1149814860596 11.5282979707896 42.1299677451991 11.5519706519527 42.2421045379433
M31-B21-WEST 11.5541128141872 42.2419531309952 11.530384894797 42.1298167767159 11.3963262038957 42.1457407047024 11.4198151711036 42.2569428384222
M31-B22-EAST 11.9497565578085 42.1952833688636 11.9262294261396 42.0840842654267 11.7920605467002 42.0990705264349 11.8157218602337 42.2112100952233
M31-B22-WEST 11.8178800736023 42.2110758621787 11.7941635884677 42.0989422851464 11.6601702967125 42.114866221479 11.683648005126 42.2260655746188
M31-B23-EAST 11.8604717796954 42.3182750226205 11.8368988381095 42.2070759257578 11.7024687102829 42.2220621793162 11.726175868901 42.3342017550148
M31-B23-WEST 11.7283383732747 42.3340675150112 11.7045756965352 42.2219339449622 11.5703214516209 42.2378578752685 11.5938446595353 42.3490572349215
